%YAML:1.0
---
num_components: 7
eigenvalues: !!opencv-matrix
   rows: 1
   cols: 7
   dt: d
   data: [ 9.6903153618770619e-04, 3.8999177192622429e-04,
       2.4467121807455339e-04, 1.8416686496365830e-04,
       1.3110332283688167e-04, 9.7528260960731545e-05,
       5.4643143060256362e-05 ]
eigenvectors: !!opencv-matrix
   rows: 180
   cols: 7
   dt: d
   data: [ 1.3699411387022076e-01, -5.6527231825792904e-03,
       3.1112682595000156e-03, -6.3403007222897378e-02,
       3.5009833161650794e-03, 1.5521386239386311e-02,
       -2.9576951659423933e-03, 3.1387740177377560e-01,
       -5.5586996727722021e-02, -6.5321514910250348e-03,
       4.4778793541507336e-02, 6.2317192125585785e-03,
       2.3948411621008796e-03, -5.4454638172429792e-04,
       -1.3404576803463707e-02, -6.2749964300113066e-03,
       -1.4755011018517750e-02, 4.1621653191280666e-02,
       7.7355819246597100e-03, -3.7640312050173607e-04,
       -6.2319446085836137e-03, 8.4544321914337139e-02,
       3.2887065413240310e-02, 8.7713696983556175e-03,
       -2.2718696090270798e-03, 2.1863608563413434e-02,
       1.8399682772778079e-03, 1.7779883919550245e-02,
       3.7659831115153308e-02, -7.9339893819919231e-03,
       2.9525728843365902e-03, 6.5408073745254966e-02,
       1.8907442480247148e-02, 2.1990851930658115e-02,
       -1.4979652703662569e-02, 1.0247676621006304e-02,
       -6.0470572143647677e-02, 8.1502843759490115e-02,
       2.3514787556141541e-02, 2.6604262525979173e-02,
       1.8199729209685246e-02, -1.1595616974707720e-02,
       1.8664876715763462e-03, 5.7457205514988792e-02,
       -5.7882904663999604e-02, -3.1436862286331038e-02,
       -5.0672193606339858e-03, -2.0383329837086447e-02,
       1.1056782220786831e-02, -9.4025365856633694e-02,
       -6.9451497568166723e-02, -1.4127030638206239e-01,
       9.0020584815483189e-03, 7.2869974925854411e-03,
       -2.5776917070267158e-03, -2.0646883016638397e-02,
       3.6049713483903942e-02, 1.0809241171393327e-02,
       5.9737709990529710e-04, -3.0721238592964543e-03,
       -1.5033267937070242e-02, -1.9263421982425716e-02,
       1.6190346733737766e-02, 1.9490141061888969e-02,
       -1.9531965775439969e-03, 3.9960542723316214e-02,
       -9.3419115607186682e-04, 4.3207780751872767e-02,
       2.3003945749033590e-02, 3.8352558706032215e-03,
       8.5105798224562573e-02, 6.6451927715916570e-02,
       4.3753633351530957e-02, 1.6880752249413718e-02,
       -3.6857641162054644e-02, 1.1066290110662024e-02,
       8.5617942937642640e-03, -6.0012295290251469e-03,
       -1.6356334786360477e-02, 3.1115972614795722e-03,
       -3.9730518454104292e-03, 5.1671185437710300e-03,
       -1.2347620539197860e-02, -1.6379608415326742e-02,
       -2.5301852411708646e-02, -1.2892568363320192e-02,
       -3.7859133432715839e-02, -2.8161094306331434e-02,
       5.4281630202605569e-02, 4.9156187819870550e-02,
       -1.4241795350751905e-02, -2.0580809702897475e-02,
       -1.1089525734399436e-01, -1.1679058157163484e-01,
       -1.2265824637320361e-02, 2.1662209424667241e-02,
       3.7035609454923631e-03, -9.0770533570368572e-02,
       4.4195899003280872e-02, -4.3072600275916834e-02,
       -1.5216250110916648e-02, -1.0313878867769544e-02,
       -3.4780409146628499e-02, -6.1120325400164176e-02,
       1.6146609395782208e-02, -1.8945407889827640e-02,
       1.3873160644838241e-02, 7.2053997082368162e-02,
       -9.8461528209625171e-03, 2.5748804937424697e-02,
       1.0373628780389756e-02, -1.9007740539398223e-02,
       3.9051849928088238e-02, 7.6795389469554345e-02,
       -2.0506396336698197e-02, 4.6118454003790416e-02,
       3.0158986780664317e-02, 1.5435446114951696e-02,
       4.5119171320406576e-02, 7.9804681027458718e-02,
       2.8764803533741577e-02, -9.7609853333865307e-02,
       -7.5372259976307698e-02, -5.5018776082874372e-02,
       -6.0064725172230687e-03, -3.4296359623527395e-03,
       1.7026799705442883e-02, 2.9035312833702240e-02,
       -8.1964871456415136e-02, -2.0127303028003717e-02,
       -1.5254072018151293e-02, -5.8637878391630070e-03,
       2.6731692210090379e-03, 7.0423281460348852e-03,
       3.3877095837537174e-02, -1.1213998844827118e-01,
       6.3819621698297593e-02, -3.0340834677224416e-02,
       5.9291401543904538e-03, -1.0996090577658608e-02,
       -1.1966854199819307e-01, -2.4397769123022488e-02,
       -2.4365280585745865e-03, -1.1485551640308400e-04,
       5.7120347285482320e-02, 7.5062682427752278e-03,
       1.5258127292339409e-02, 2.5860581078004646e-01,
       8.1494706125602015e-02, -3.7459363528447462e-02,
       2.9123602278182871e-02, -8.8403911776660307e-02,
       -9.6490577091960544e-02, -4.5926266364508014e-02,
       -8.5189790699072565e-02, -5.7722565652990790e-02,
       3.0574606871470900e-02, -7.1919054539702598e-02,
       4.9333842615245094e-02, 3.9655712436811007e-02,
       -8.9685522782266113e-03, -2.9780012508774889e-01,
       -9.7610008577192264e-02, 3.4368089527193002e-02,
       -4.4005429359138475e-02, -2.7466768614907593e-02,
       1.2462505547731985e-01, -1.9238508240748811e-02,
       4.5296768554815882e-03, -1.1355793390729358e-02,
       9.7761660132654089e-03, 4.5763417727951672e-02,
       -5.4232285186752535e-02, -2.9073540826137008e-02,
       -1.3453368756061970e-02, -5.3339991934425270e-02,
       -6.0926637555209122e-03, -2.5210223307542644e-02,
       1.7873640753603801e-02, -2.5834060416935818e-02,
       3.8086958152592769e-02, 2.7865858208607149e-02,
       4.9291215027271800e-03, -3.0704945078537547e-03,
       6.9857054367562871e-02, -1.9791941656294311e-02,
       -2.4185103121980609e-02, -9.0918660013927007e-03,
       2.5704783339206387e-02, -8.0031063734319868e-02,
       4.7277434545180998e-03, -8.2914329145468951e-02,
       -4.7959117384793557e-03, 5.8155419681841930e-03,
       4.1414214348923097e-02, 6.1490727463968040e-02,
       -3.3891449055953517e-02, -7.3404884828412786e-02,
       7.2415403932693759e-02, 1.9582453771827844e-02,
       -1.4936145533546431e-02, 4.2962220248789075e-02,
       -3.1394106445063907e-02, 2.3881212076796748e-02,
       -1.3344321221468766e-02, 5.3005136477213131e-02,
       -8.5711440565182477e-03, -3.3620045158698882e-02,
       -2.7177352187077158e-02, -2.2262098558552598e-02,
       -2.9803923010999701e-02, 1.7776167356485104e-02,
       -5.9201087046874115e-02, 8.4415908296626933e-03,
       5.6759680530889629e-03, 7.2047133525328828e-03,
       2.3521041862374102e-02, 2.3591916134028904e-02,
       2.8981137266518353e-01, -1.3281878524656715e-01,
       -1.0442013372453346e-02, 1.4972021985289147e-01,
       -2.7457834349121621e-02, 9.6237539283249546e-02,
       -1.3244525368502057e-02, 3.1958564577318369e-02,
       -9.8754646766007398e-02, 1.3202236815497752e-02,
       -8.5767429418838692e-02, 5.6716529051238411e-02,
       2.0143011177879866e-02, -6.8145773780758062e-02,
       -9.2997549704613783e-02, -3.6806865468278459e-02,
       1.9395639509131406e-02, -1.2740028900027112e-01,
       6.4530966524607280e-03, 2.3086211879935523e-02,
       7.0841602929080719e-02, 8.7818802627353879e-03,
       8.0437873237049706e-02, -2.5834784786733858e-02,
       1.3117902097798922e-01, -1.0435534643185973e-01,
       -1.4131035683003234e-02, -4.6053784172382754e-02,
       8.8194720739490515e-02, 2.8919856352215736e-02,
       8.1937063565020757e-02, -3.3269619771310835e-02,
       4.5824491957615968e-02, 5.2043340355524166e-02,
       3.8016602671068579e-02, 1.1211332561362189e-01,
       -7.6781560973422133e-02, 3.7005578101988790e-02,
       4.6371383266806683e-02, 3.1376135242727192e-02,
       -5.3196374834121353e-03, -4.4447525561004737e-02,
       -6.0614763784159809e-02, 1.2526057652310435e-02,
       -2.8004244487223575e-02, -1.1764227263395811e-01,
       -1.1528885879422079e-02, 7.4671472837695152e-02,
       -8.3444146131596938e-02, 3.5258660466245206e-02,
       -1.6279791324933385e-01, 5.2477444067257047e-03,
       5.1453709776158686e-02, -3.3696448683869000e-02,
